-25.673208513708513, 4.8851854256854255, 50.93136256232221
-26.378484043331277, 6.766896067809039, 50.136036114938925
-27.081363666367757, 8.64950281616681, 49.327888135961324
-27.781149213142506, 10.53326168867572, 48.5062777883592
-28.47665991985112, 12.418602890289591, 47.670509005999335
-29.167788995435092, 14.305554563467473, 46.81982356448663
-29.85244241949347, 16.194864948718873, 45.95339321492943
-30.530746654265933, 18.086463664314575, 45.07030989811984
-31.19993296702549, 19.981306608897224, 44.1695748547878
-31.859570097307078, 21.87949234280467, 43.25008612409404
-32.50762933986062, 23.781662870333268, 42.31061951862342
-33.14084934435689, 25.688822284116387, 41.349814834841894
-33.75755729223883, 27.6013787666978, 40.36615023380601
-34.35439056356048, 29.520224837734446, 39.357911396244404
-34.9272591747414, 31.446354937851872, 38.32315930327966
-35.47119574558537, 33.38084498506632, 37.25968673342545
-35.98017395974078, 35.32481189227681, 36.16496225971061
-36.44689114061061, 37.27934251866419, 35.036056359461526
-36.85960638640914, 39.24595133987809, 33.869562983705755
-37.20688092045759, 41.225123975793636, 32.66145959267834
-37.46918978248052, 43.21724273364246, 31.406979787953304
-37.62426108073204, 45.22040341767129, 30.10036908451439
-37.639358842818595, 47.22926620638545, 28.734568695905836
-37.472290587773166, 49.23086511702671, 27.300788829757696
-37.06664113976563, 51.197444309011004, 25.787862564799614
-36.36966368808487, 53.07958718164963, 24.5570162167848
-35.34872379493507, 54.8068457023634, 24.298477833417138
-34.01913936450551, 56.30977401692061, 25.05186589048072
-32.44393367059556, 57.55407241976512, 26.744375205483305
-30.70175754273157, 58.55251779615312, 29.228189444891655
-28.856617144579847, 59.346241100157165, 31.056769861959324
-26.947328835108575, 59.97146807811994, 29.734842650500106
-24.999653560955412, 60.465099582643056, 28.35120127772478
-23.028321937295804, 60.85405144055312, 26.896415492628186
-21.042741969377424, 61.16254713132852, 25.358254600283228
-19.04771030103057, 61.40286716143966, 23.72051684499877
-17.046990091085394, 61.59021759927866, 21.960965400265568
-15.042594567818508, 61.73328085808703, 20.0475489196819
-13.03588539095866, 61.83932243482076, 17.931086317856288
-11.027771729379692, 61.914398697343884, 15.52878594620336
-9.018851825349378, 61.963542969224314, 12.679209598397147
-7.009512731512561, 61.99092722631133, 8.965563479886386
-5, 62, 0
15, 62, 0
endData
20
62.83
50
-25.673208513708513, 4.8851854256854255, -43.55090836940837, 52.4897582972583, -45, 62, -5, 62
